8
7
[15, 17, 1]
[15, 7, 5, 9, 17, 11, 4]
[7, 16, 19, 12, 1, 5, 3]
[7, 17, 9, 18, 14, 0, 8]
[15, 3, 17, 13, 10, 6, 0]
[9, 10, 18, 6]
[12, 10, 2, 7, 17, 8]
[17, 10, 5]
[16, 18]
[3, 2, 17]
[18, 8, 13, 9, 0, 6, 7]
[3, 13, 5, 19, 15, 16, 2]
[11, 13, 5, 10, 6]
[15, 3, 8]
[3, 8, 7]
[2, 13, 6]
[10, 6]
[10, 1, 17, 11, 12, 4]
[11, 5]
[0, 6, 1]
[13, 5]
[17, 8, 1, 14, 3, 9]
[13, 1]
[18, 4, 17, 16, 14, 1]
[13, 12, 17]
[3, 13]
[12, 13, 8]
[2, 9, 3, 15]
[19, 13, 5, 9]
[1, 3, 8, 11, 9, 18, 13]
[1, 16, 7, 5, 13, 6, 19]
[7, 3, 6]
[9, 19, 13, 11]
[16, 1, 4]
[10, 19, 3, 6, 4, 7]
[14, 1, 5]
[12, 17, 3, 15]
[11, 10, 17, 6, 12]
[16, 11, 7, 3, 10, 2]
[18, 1]
[16, 9, 4]
[13, 1, 18, 5, 17]
[0, 16, 11]
[6, 9, 10, 0]
[2, 4, 14, 19, 15, 13, 3]
[15, 1, 14]
[9, 14, 15, 5]
[19, 17, 3, 16, 1, 15, 11]
[17, 6]
[6, 8, 15, 2, 16, 7, 3]
[6, 2, 7, 9]
[12, 6, 0, 16, 4, 5, 19]
[12, 3, 13, 5]
[18, 0]
[6, 11, 10]
[0, 10]
[0, 9]
[2, 19, 17, 9, 1, 4, 18]
[4, 7, 18]
[16, 7, 15, 9, 0, 8]
[2, 19, 12, 14, 15, 6, 18]
[16, 18]
[8, 7, 1, 0, 10, 17, 4]
[7, 16]
[0, 14, 4, 18, 10, 6, 17]
[5, 7, 0, 8, 11]
[3, 13]
[14, 1, 13, 3]
[11, 8, 0, 7, 19, 17]
[14, 5, 12, 1, 4, 16]
[0, 5, 1]
[19, 3, 0, 13]
[10, 8]
[1, 13, 0, 17]
[7, 4, 15]
[11, 13, 4, 19, 9]
[14, 5, 10, 15, 0]
[17, 2, 4, 16, 15, 14]
[11, 17, 5]
[12, 2]
[2, 11, 6, 18, 8, 3]
[10, 16, 14, 3]
[9, 3, 10, 19, 2, 12, 16]
[8, 6, 2]
[19, 4, 9, 15, 7, 12, 16]
[8, 12, 18, 10]
[3, 16, 2, 10, 7]
[7, 0, 14, 9, 12, 19]
[19, 6, 2, 11, 1]
[13, 6, 14, 4, 12, 9, 11]
[8, 16, 7, 11]
[12, 0, 18, 15, 16, 19]
[9, 11, 17, 5, 14]
[16, 5]
[14, 13, 1, 6, 17, 15, 11]
[8, 16, 12, 0, 14, 10, 4]
[17, 2, 18, 1, 7, 10, 14]
[8, 13, 1, 15, 9, 3, 12]
[4, 7, 19, 2]
[12, 13, 19, 1]
